8 1 5 
2 0 4 
6 3 7 

f(1) = 18
8 1 5 
2 4 0 
6 3 7 

f(2) = 36
8 1 0 
2 4 5 
6 3 7 

f(3) = 56
8 0 1 
2 4 5 
6 3 7 

f(4) = 76
0 8 1 
2 4 5 
6 3 7 

f(5) = 94
2 8 1 
0 4 5 
6 3 7 

f(6) = 110
2 8 1 
4 0 5 
6 3 7 

f(7) = 124
2 8 1 
4 5 0 
6 3 7 

f(8) = 138
2 8 1 
4 5 7 
6 3 0 

f(9) = 152
2 8 1 
4 5 7 
6 0 3 

f(10) = 166
2 8 1 
4 5 7 
0 6 3 

f(11) = 182
2 8 1 
0 5 7 
4 6 3 

f(12) = 198
2 8 1 
5 0 7 
4 6 3 

f(13) = 212
2 8 1 
5 7 0 
4 6 3 

f(14) = 224
2 8 1 
5 7 3 
4 6 0 

f(15) = 236
2 8 1 
5 7 3 
4 0 6 

f(16) = 248
2 8 1 
5 0 3 
4 7 6 

f(17) = 260
2 8 1 
0 5 3 
4 7 6 

f(18) = 270
2 8 1 
4 5 3 
0 7 6 

f(19) = 278
2 8 1 
4 5 3 
7 0 6 

f(20) = 286
